
#
30/12/2012 à 16h35
4
12
6
2,5,3,1
1,1,1,1
2,2,2,2
3,3,3,3
4,4,4,4
5,5,5,5
5,1,2,3
1,5,3,2
5,1,3,2
5,3,1,2
2,1,3,5
1,2,3,5
2,5,3,1

#
30/12/2012 à 16h36
6
21
10
6,1,2,3,9,4
1,1,1,1,1,1
2,2,2,2,2,2
3,3,3,3,3,3
9,9,9,9,9,9
6,6,6,6,6,6
7,7,7,7,7,7
10,10,10,10,10,10
8,8,8,8,8,8
3,3,3,3,3,3
5,5,5,5,5,5
4,4,4,4,4,4
4,4,4,4,4,4
4,4,4,4,4,4
4,4,4,4,4,4
4,4,4,4,4,4
4,4,4,4,4,4
4,4,4,4,4,4
4,4,4,4,4,4
4,4,4,4,4,4
4,4,4,4,4,4
4,4,4,4,4,4

#
30/12/2012 à 18h56
4
12
6
5,6,3,5
2,2,2,2
1,1,1,1
3,3,3,3
4,4,4,4
5,5,5,5
5,5,3,6
3,6,5,5
3,5,5,6
5,6,3,5
0,0,0,0
0,0,0,0
0,0,0,0

#
30/12/2012 à 18h59
5
14
6
5,6,2,4,2
1,1,1,1,1
2,2,2,2,2
3,3,3,3,3
4,4,4,4,4
5,5,5,5,5
6,6,6,6,6
2,2,6,5,4
6,2,2,5,4
6,5,2,2,4
4,5,2,2,6
5,4,2,6,2
4,5,2,6,2
6,4,2,5,2
5,6,2,4,2

#
30/12/2012 à 19h13
6
21
10
1,2,10,5,7,8
1,1,1,1,1,1
2,2,2,2,2,2
3,3,3,3,3,3
4,4,4,4,4,4
5,5,5,5,5,5
6,6,6,6,6,6
7,7,7,7,7,7
8,8,8,8,8,8
9,9,9,9,9,9
10,10,10,10,10,10
10,7,8,5,1,2
7,10,5,8,1,2
1,2,8,5,10,7
1,2,8,10,7,5
1,2,8,7,10,5
1,1,1,1,1,1
1,1,1,1,1,1
1,1,1,1,1,1
1,1,1,1,1,1
1,1,1,1,1,1
1,1,1,1,1,1

#
30/12/2012 à 21h10
4
12
6
4,1,6,6
2,2,2,2
4,4,4,4
1,1,1,1
3,3,3,3
5,5,5,5
6,6,4,1
4,1,6,6
0,0,0,0
0,0,0,0
0,0,0,0
0,0,0,0
0,0,0,0

#
3/1/2013 à 23h45
4
12
6
1,4,2,5
1,2,3,4
1,4,2,3
1,4,3,2
1,4,2,5
0,0,0,0
0,0,0,0
0,0,0,0
0,0,0,0
0,0,0,0
0,0,0,0
0,0,0,0
0,0,0,0

#
29/1/2013 à 18h54
4
12
6
6,1,6,2
1,1,1,1
6,6,6,6
3,3,3,3
4,4,4,4
2,2,2,2
1,2,6,6
2,6,1,6
6,2,6,1
6,1,6,2
0,0,0,0
0,0,0,0
0,0,0,0

#
1/2/2013 à 0h13
4
12
6
2,1,5,4
1,6,3,3
1,1,1,1
1,1,1,1
1,1,1,1
1,1,1,1
1,1,1,1
1,1,1,1
1,1,1,1
1,1,1,1
1,1,1,1
1,1,1,1
1,1,1,1

#
1/2/2013 à 0h22
4
12
6
1,4,5,6
1,1,1,1
1,4,1,4
0,0,0,0
0,0,0,0
0,0,0,0
0,0,0,0
0,0,0,0
0,0,0,0
0,0,0,0
0,0,0,0
0,0,0,0
0,0,0,0

#
1/2/2013 à 0h45
4
12
6
3,6,5,1
3,3,3,3
0,0,0,0
0,0,0,0
0,0,0,0
0,0,0,0
0,0,0,0
0,0,0,0
0,0,0,0
0,0,0,0
0,0,0,0
0,0,0,0
0,0,0,0

#
1/2/2013 à 1h59
4
12
6
2,3,1,5
6,5,6,5
0,0,0,0
0,0,0,0
0,0,0,0
0,0,0,0
0,0,0,0
0,0,0,0
0,0,0,0
0,0,0,0
0,0,0,0
0,0,0,0
0,0,0,0

#
1/2/2013 à 2h19
4
12
6
6,1,4,3
1,4,1,4
0,0,0,0
0,0,0,0
0,0,0,0
0,0,0,0
0,0,0,0
0,0,0,0
0,0,0,0
0,0,0,0
0,0,0,0
0,0,0,0
0,0,0,0

#
1/2/2013 à 2h20
4
12
6
1,3,2,5
1,4,1,4
1,4,1,4
0,0,0,0
0,0,0,0
0,0,0,0
0,0,0,0
0,0,0,0
0,0,0,0
0,0,0,0
0,0,0,0
0,0,0,0
0,0,0,0

#
1/2/2013 à 2h20
4
12
6
1,4,2,5
1,4,1,4
1,4,1,4
1,4,1,4
0,0,0,0
0,0,0,0
0,0,0,0
0,0,0,0
0,0,0,0
0,0,0,0
0,0,0,0
0,0,0,0
0,0,0,0

#
1/2/2013 à 2h24
4
12
6
5,2,1,3
1,1,1,1
0,0,0,0
0,0,0,0
0,0,0,0
0,0,0,0
0,0,0,0
0,0,0,0
0,0,0,0
0,0,0,0
0,0,0,0
0,0,0,0
0,0,0,0

#
1/2/2013 à 2h24
4
12
6
6,1,3,2
1,1,1,1
0,0,0,0
0,0,0,0
0,0,0,0
0,0,0,0
0,0,0,0
0,0,0,0
0,0,0,0
0,0,0,0
0,0,0,0
0,0,0,0
0,0,0,0

#
1/2/2013 à 19h7
4
12
6
5,3,4,6
3,2,3,2
0,0,0,0
0,0,0,0
0,0,0,0
0,0,0,0
0,0,0,0
0,0,0,0
0,0,0,0
0,0,0,0
0,0,0,0
0,0,0,0
0,0,0,0

#
1/2/2013 à 19h9
4
12
6
5,3,1,6
6,6,6,6
0,0,0,0
0,0,0,0
0,0,0,0
0,0,0,0
0,0,0,0
0,0,0,0
0,0,0,0
0,0,0,0
0,0,0,0
0,0,0,0
0,0,0,0

#
1/2/2013 à 19h11
4
12
6
3,4,1,5
1,1,1,1
0,0,0,0
0,0,0,0
0,0,0,0
0,0,0,0
0,0,0,0
0,0,0,0
0,0,0,0
0,0,0,0
0,0,0,0
0,0,0,0
0,0,0,0

#
1/2/2013 à 19h17
4
12
6
4,6,5,1
1,4,6,2
4,6,2,3
5,6,2,1
1,6,2,5
2,6,1,5
3,6,4,1
4,6,5,1
0,0,0,0
0,0,0,0
0,0,0,0
0,0,0,0
0,0,0,0

#
1/2/2013 à 19h20
4
12
6
1,3,2,6
1,1,1,1
0,0,0,0
0,0,0,0
0,0,0,0
0,0,0,0
0,0,0,0
0,0,0,0
0,0,0,0
0,0,0,0
0,0,0,0
0,0,0,0
0,0,0,0

#
1/2/2013 à 19h26
4
12
6
1,6,2,5
1,1,1,1
0,0,0,0
0,0,0,0
0,0,0,0
0,0,0,0
0,0,0,0
0,0,0,0
0,0,0,0
0,0,0,0
0,0,0,0
0,0,0,0
0,0,0,0

#
1/2/2013 à 19h27
4
12
6
5,4,3,6
1,1,1,1
0,0,0,0
0,0,0,0
0,0,0,0
0,0,0,0
0,0,0,0
0,0,0,0
0,0,0,0
0,0,0,0
0,0,0,0
0,0,0,0
0,0,0,0

#
1/2/2013 à 19h29
4
12
6
4,5,3,6
1,1,1,1
0,0,0,0
0,0,0,0
0,0,0,0
0,0,0,0
0,0,0,0
0,0,0,0
0,0,0,0
0,0,0,0
0,0,0,0
0,0,0,0
0,0,0,0

#
1/2/2013 à 19h29
4
12
6
5,6,3,1
1,1,1,1
0,0,0,0
0,0,0,0
0,0,0,0
0,0,0,0
0,0,0,0
0,0,0,0
0,0,0,0
0,0,0,0
0,0,0,0
0,0,0,0
0,0,0,0

#
1/2/2013 à 19h30
4
12
6
3,5,1,6
1,1,1,1
0,0,0,0
0,0,0,0
0,0,0,0
0,0,0,0
0,0,0,0
0,0,0,0
0,0,0,0
0,0,0,0
0,0,0,0
0,0,0,0
0,0,0,0

#
1/2/2013 à 19h31
4
12
6
2,6,3,1
1,1,1,1
0,0,0,0
0,0,0,0
0,0,0,0
0,0,0,0
0,0,0,0
0,0,0,0
0,0,0,0
0,0,0,0
0,0,0,0
0,0,0,0
0,0,0,0

#
1/2/2013 à 21h4
6
21
10
10,9,4,1,2,7
1,4,6,2,3,5
1,1,1,1,1,1
1,1,1,1,1,1
1,1,1,1,1,1
1,1,1,1,1,1
0,0,0,0,0,0
0,0,0,0,0,0
0,0,0,0,0,0
0,0,0,0,0,0
0,0,0,0,0,0
0,0,0,0,0,0
0,0,0,0,0,0
0,0,0,0,0,0
0,0,0,0,0,0
0,0,0,0,0,0
0,0,0,0,0,0
0,0,0,0,0,0
0,0,0,0,0,0
0,0,0,0,0,0
0,0,0,0,0,0
0,0,0,0,0,0

#
1/2/2013 à 21h30
4
12
6
5,6,4,3
1,1,1,1
0,0,0,0
0,0,0,0
0,0,0,0
0,0,0,0
0,0,0,0
0,0,0,0
0,0,0,0
0,0,0,0
0,0,0,0
0,0,0,0
0,0,0,0

#
1/2/2013 à 21h50
4
12
6
2,3,6,4
1,1,1,1
0,0,0,0
0,0,0,0
0,0,0,0
0,0,0,0
0,0,0,0
0,0,0,0
0,0,0,0
0,0,0,0
0,0,0,0
0,0,0,0
0,0,0,0

#
1/2/2013 à 21h53
4
12
6
5,4,3,1
1,1,1,1
2,2,2,2
3,3,3,3
4,4,4,4
5,5,5,5
5,4,1,3
5,4,1,3
4,5,1,3
5,4,3,1
0,0,0,0
0,0,0,0
0,0,0,0

#
1/2/2013 à 22h19
4
12
6
0,0,0,0
1,1,1,1
2,2,2,2
3,3,3,3
3,1,6,4
1,3,5,5
5,5,5,5
5,5,5,5
5,5,5,5
5,5,5,5
5,5,5,5
5,5,5,5
5,5,5,5

#
16/2/2013 à 17h18
5
12
6
3,1,5,2,6
1,4,6,1,1
0,0,0,0,0
0,0,0,0,0
0,0,0,0,0
0,0,0,0,0
0,0,0,0,0
0,0,0,0,0
0,0,0,0,0
0,0,0,0,0
0,0,0,0,0
0,0,0,0,0
0,0,0,0,0

#
17/2/2013 à 21h29
4
12
6
1,6,5,4
4,4,4,4
0,0,0,0
0,0,0,0
0,0,0,0
0,0,0,0
0,0,0,0
0,0,0,0
0,0,0,0
0,0,0,0
0,0,0,0
0,0,0,0
0,0,0,0
